22.779429280414774
22.773951261919137
22.787297136768416
22.75451110049903
22.73547761206521
22.75388875411113
22.769713383294174
22.718049523777154
22.723449494333863
22.7320802545255
22.726245117664575
22.71755554688798
22.683334179775443
22.6592470233129
22.61765934085861
22.603617752242258
22.650531470896794
22.660594254796024
22.667656451459607
22.657227796486495
22.590509325884227
22.5112942455429
22.360901309883502
22.176579889765094
22.048188437630074
21.940686788679955
21.893082246079757
22.832261881131558
22.820461321099287
22.794837346275244
22.81179344732027
22.812833175663968
22.82840385938107
22.84879962774619
22.823229524271483
22.806111710998607
22.76428468882159
22.704433178829277
22.703349002933464
22.668286244569913
22.632124334594096
22.64686020710849
22.65752702746306
22.687126546240734
22.69425168630869
22.71018041967079
22.68876923017592
22.643451351637395
22.54890370531075
22.428912347206847
22.2851676519698
22.12462872869287
22.00926367150896
21.939141977441068
22.923660775446933
22.889855675822787
22.87910425044788
22.873947980285607
22.927809907359006
22.952800320995152
22.974049836883182
22.974956670261236
22.92387237338062
22.876546541641687
22.814749413003256
22.766495633107525
22.775680211489316
22.704626686253846
22.692831617372008
22.700558575355558
22.727866626395326
22.773139948610947
22.80268788012245
22.78680271294445
22.760487477701417
22.66027409488572
22.490877126836835
22.402314013607906
22.22508066331102
22.106814108420735
22.03710178330016
23.013485186340517
23.000716469442295
23.003700775956645
23.022425831200735
23.05275835037446
23.06063267672289
23.089225611936058
23.064513188865817
23.03028963233453
22.94735378703342
22.909276238973803
22.84447648640048
22.824270528711736
22.79788744431937
22.78091253317109
22.747245375943407
22.81565152952578
22.834627569254735
22.885796346946904
22.84980611922549
22.84401642567059
22.77548400946148
22.653037460256428
22.54894609292785
22.371655271135978
22.21832383846788
22.209065737703213
23.068023168419813
23.083836299558584
23.10578224624203
23.13605385946073
23.106697631982343
23.134072005625285
23.179380825344083
23.17910831813151
23.087053661389973
22.9971945944028
22.9174206303951
22.87730883800043
22.859226405201184
22.832274654873686
22.81621974811378
22.818041607285522
22.80020147689629
22.84873106048599
22.86626021311679
22.895527561097197
22.90787003149785
22.83556348142008
22.698596827172537
22.63988827276455
22.48688304821792
22.356058742522464
22.245316898325314
23.122058800601394
23.11744282874315
23.166787011875954
23.215672646532084
23.21286023072423
23.237749941674906
23.222824431623508
23.217319059530155
23.09981782716386
22.983663158581066
22.931816747924927
22.90662124333869
22.885664910553373
22.851869191219293
22.83381106654167
22.814103980165214
22.833411829583838
22.846469088282902
22.853080419072626
22.863249450981357
22.868847294525494
22.89789334938962
22.81952980750873
22.68041947795507
22.547108507221992
22.42003823565551
22.32300987485712
23.15004432983551
23.151001874695567
23.218870908633562
23.214400923336484
23.275023383834196
23.33159291266361
23.315395383358805
23.200475849413465
23.093748537660872
22.96287799178822
22.96674793111424
22.960591965913295
22.91743443142525
22.900823368758893
22.882547700562895
22.860411961054638
22.854676677014595
22.84611792027829
22.869691775569663
22.83245392885226
22.856110467797862
22.862854890076278
22.818289536401835
22.732094066720265
22.61890041833294
22.48617078952111
22.416349853199904
23.130164148925246
23.13308496688535
23.180943213851606
23.2020923489614
23.25738736600806
23.321414395731267
23.290770369520487
23.189264761396316
23.064032012204166
23.00517898892599
23.007533740083545
22.97691380411402
22.967495977210206
22.93309340438202
22.917663861935353
22.869068073720427
22.86300120127123
22.876412108392856
22.895658974161734
22.863516981782936
22.860237956758056
22.841134123499273
22.817317501263915
22.75814222431825
22.66872233943718
22.58430608704839
22.467014810367118
23.15605772381798
23.155472510783284
23.174501857106407
23.18868551780895
23.259866102411138
23.315223738857526
23.31047523338657
23.197727384769337
23.1224349403509
23.065386343107093
23.058943043428144
23.016395218655248
22.983297097715877
22.94650197725184
22.93502962829166
22.916934456378726
22.912510073043677
22.92183176926028
22.914614749798147
22.91804425295186
22.895661416397274
22.883615791718853
22.845803888333194
22.797554728104615
22.717083371065996
22.635319782267175
22.548652061810458
23.169477503384655
23.184592313922053
23.193456174135918
23.179250952919688
23.25513495772634
23.28399754878137
23.24041435148365
23.173736868572178
23.11927827539307
23.060757133226616
23.05259413348972
23.03792315692931
22.998809257528364
22.96393627876853
22.961308716243934
22.959536874603145
22.95054968128261
22.95169750607488
22.954014822270324
22.938993786593187
22.93207014772304
22.894496002355368
22.85874388843763
22.809379218012964
22.7465972719325
22.681003995879223
22.62126773470561
23.18842648212103
23.18959752804608
23.19674300250449
23.200196110782258
23.248946529231034
23.267553755073095
23.220805335458635
23.168017730762813
23.113464009405106
23.11099077914423
23.09937712251042
23.07137865255652
23.024149240259362
23.00882177334654
23.033508700464495
23.018464269546826
22.99776117573731
22.994050073262542
22.997291869459104
22.98746114877929
22.965505568226604
22.94420284148498
22.892614332079916
22.86181731202896
22.82339570446925
22.77635767318236
22.7271274383113
23.235113610772373
23.21671267552074
23.260526522239843
23.25337061838013
23.26721810585559
23.270643971645995
23.21955758764284
23.15875860038409
23.149042385273333
23.1484575024906
23.109404124685398
23.075335961311453
23.064017983507256
23.05184452722574
23.05888742619777
23.058497237360598
23.058448112223573
23.043859798343647
23.031086456159755
23.009846241748278
23.011923335724305
22.986469381060033
22.964329680115384
22.928235290604675
22.903474288431084
22.871214123904224
22.854606707550488
23.24522585765942
23.271390362839043
23.29205293079906
23.292443926980923
23.300514179058837
23.26720379861638
23.20516943032419
23.165596403330596
23.16090329523115
23.158777258151872
23.1398707113799
23.104837022628885
23.0822515113839
23.069098815489497
23.082575563223486
23.08273215731174
23.081844438969256
23.069759735262437
23.06517287836641
23.063592488220365
23.043772583147756
23.02164597752585
23.012608104815968
22.982604096391697
22.96745041658994
22.94887212762103
22.93931742987411
23.227614006488693
23.24987814199153
23.268450499758387
23.27905229051919
23.262716411368615
23.215928530218434
23.168535463159287
23.15835405137841
23.165715009761016
23.144745405677327
23.13481200449928
23.126470968244462
23.08576395790942
23.07393912066152
23.077155721022677
23.097302711544444
23.10774355229853
23.11014065354027
23.114310443418503
23.123309656539277
23.101064647685348
23.06330952317478
23.058129327328857
23.050099800146768
23.017904890879095
22.99269295696729
22.990816778256658
23.20097918889951
23.20991137562089
23.2349650417259
23.249186397194535
23.235477899625266
23.205435086946977
23.190014411175298
23.15672181219236
23.144341661045132
23.14662894173489
23.141466281643034
23.14080525882912
23.11673393406909
23.100436146609923
23.10104163011397
23.100939457864683
23.10718081725122
23.139818128586057
23.153404381930045
23.150272332674376
23.128399573382012
23.094021780507433
23.065958084688646
23.063932789352407
23.074693314097317
23.044395294370133
23.03443766968735
23.182862425959115
23.20324663801182
23.21894730560666
23.20949339306287
23.221819748375083
23.211993203033103
23.183041195474857
23.13591479425861
23.14573981924798
23.147151746256327
23.139900199126487
23.13281865642898
23.129629593847653
23.123250998630397
23.111536481215126
23.118927488734016
23.12632702519727
23.139595168235246
23.1503211869358
23.12438654599498
23.114326102219707
23.09074633291948
23.088995878209744
23.122929871106635
23.127113837538104
23.11943738384275
23.103263093298665
23.197536872666433
23.208416476001844
23.21316946682441
23.215218057608354
23.211313765846853
23.19977590288488
23.172779449119503
23.15765149445531
23.131254236040263
23.138297489677143
23.133452257227304
23.127585710871244
23.122141448224397
23.114112399165606
23.116773025242765
23.13134596062889
23.130961128742
23.12532041999964
23.114878985682935
23.10978382874896
23.099255242406002
23.111166813065893
23.136776650908246
23.187075951459633
23.16426057607157
23.157131597673242
23.147121560011442
23.209041803129367
23.2052174215205
23.22393997634481
23.21445714319998
23.203516010975818
23.198830154591747
23.183308126358497
23.17014213475909
23.159972951947452
23.14212958062842
23.14209850028658
23.134133376705336
23.131279450200623
23.130150437760108
23.126242888201773
23.12746595212502
23.118472434799855
23.11231344557757
23.10183068598144
23.094960922607015
23.112222978398563
23.15742039905183
23.18917483259827
23.220946886177217
23.210804058742042
23.213336378488975
23.183445796964293
23.224184169546447
23.23770275488164
23.248095875134027
23.24239753972813
23.242235012308015
23.225231221306785
23.214534165334953
23.19064433953872
23.18221452944647
23.161586626701137
23.144163872235595
23.127372279346787
23.146718766476283
23.136613019955234
23.141226672370294
23.137905847415368
23.14127644806524
23.136130596553244
23.123686024181325
23.103749559263065
23.12199745156488
23.174235940028893
23.218962146757804
23.25172569453514
23.251993761122662
23.251215419460095
23.226512174911818
23.261870092166987
23.297472657130697
23.314414325929647
23.322017827574427
23.31659855843543
23.284887278385213
23.268422770808797
23.235000824586223
23.227195892017107
23.205093034848346
23.18597817452155
23.146380697501854
23.14690096476795
23.124176309538143
23.187051046031684
23.168534995595223
23.18413853369907
23.171691486095142
23.166320850649868
23.152366818406108
23.168449238261132
23.19168247020673
23.228025413961632
23.243230442229674
23.283855681904583
23.282797127062395
23.278689325892174
23.28871817758295
23.312172407668413
23.34437468354588
23.34766255344755
23.32778637914498
23.297789326255725
23.286879662876686
23.250784436589242
23.23432033021038
23.18859564605134
23.176467567269356
23.154965851863267
23.161874442045587
23.150582382541415
23.190162864178774
23.260349063557214
23.26044773038643
23.220480599963935
23.197396656953288
23.196700066000744
23.189320899741574
23.19940507245792
23.230535052464575
23.25603411539089
23.2814990658577
23.27700828625393
23.28382436563288
23.26462218400593
23.290260787914008
23.300056457869232
23.30480222351639
23.298946795397683
23.293563454603827
23.286605011662004
23.264549399366047
23.22210627173422
23.183899083516167
23.172186189279728
23.15581730344229
23.176556341620994
23.203248915147242
23.25496949689591
23.291471156310536
23.301405713360055
23.247588262774116
23.221208222767586
23.225692991333858
23.217780025717275
23.210108977906316
23.23426311056778
23.25917196004923
23.272557007855653
23.270123250407323
23.287371336597744
23.20714115378655
23.23116358449363
23.25538942108028
23.27157179160804
23.29245621060602
23.305355108797585
23.29879252876958
23.259801861265146
23.223958868325553
23.192381693825496
23.165413618864022
23.152735897537468
23.183875713494785
23.2420506121656
23.289303405120563
23.31004411570359
23.300191922316344
23.237969764792865
23.204188471372618
23.210847835156983
23.241314674647583
23.253645532905693
23.27181528497249
23.28420867027046
23.290457646910795
23.281631464552788
23.29550218949032
23.23173933516466
23.24849984877062
23.287540193363725
23.315167097476092
23.351521680973974
23.36254699235667
23.359854108112472
23.29087923263205
23.243863584429278
23.194943755348618
23.17773818971466
23.186638298016533
23.211833323394444
23.26169620018402
23.296020390381273
23.31506273054424
23.293700115327738
23.2648469228742
23.25015436369972
23.24647506009103
23.2431324929388
23.261463251081977
23.29200443976265
23.356726220960127
23.34914408597831
23.330167995346073
23.329496078751845
23.280809754840107
23.325458040315425
23.355857311539353
23.3689604467761
23.395705624756147
23.39053363879657
23.38555519006752
23.32114968409678
23.26801470801297
23.231490418701696
23.196324746747337
23.19271998441843
23.218256214733287
23.24468185388082
23.263687914265006
23.283919271989248
23.301822817883476
23.310948718590225
23.290536552248227
23.30726642594709
23.331127454054467
23.345548080199592
23.356358544751743
23.381344896478936
23.351822301608195
23.329947904654773
23.358779133147323
23.330034961852448
23.360354217715553
23.379968534753516
23.373522543622812
23.404957877281845
23.415179600048987
23.412571800949195
23.34111013692973
23.289418900971896
23.2432124973368
23.21362817624413
23.191430934676873
23.212245500143354
23.23652572173455
23.27289381814012
23.316794982179204
23.32654695924623
23.330825887141827
23.3626397421001
23.39946472115605
23.423611932250196
23.42645675499034
23.41024808306736
23.420101707008484
23.406908479414824
23.39846098538851
23.37074627640618
23.330292774719737
23.337785027864925
23.349296941285047
23.363652162025573
23.39223689008054
23.40689638350875
23.41007693253414
23.351670326974386
23.30482477044154
23.249562425498766
23.21457991086777
23.204089378727303
23.228166414297334
23.25463998819839
23.300000612100234
23.37283529265494
23.380392815448545
23.373061292409602
23.415931045223147
23.47295141145412
23.505327182088536
23.484432751302393
23.447582984989708
23.429969042263565
23.428290613229365
23.414404776739957
23.420347184207117
23.30749764323423
23.318930046924947
23.34578491075581
23.38268929934793
23.41928672258382
23.432399422285812
23.4183404262086
23.385872418939698
23.326624721485814
23.269845246760042
23.24287606482585
23.21899277236264
23.24333606469918
23.30568968915702
23.392834004994484
23.466562534453033
23.456200765294625
23.448850190739222
23.470369252496653
23.506773724732966
23.543373499232985
23.529332151715835
23.51997981786792
23.477483799334436
23.447430074396493
23.44751053843538
23.473404057818925
23.316597003744278
23.34749560255659
23.376678216688674
23.416888386786923
23.446024529816782
23.449248508707342
23.446183847572684
23.411997973709163
23.36802291479148
23.30224282583947
23.26301348360539
23.2616215631283
23.282258380011058
23.344475536847654
23.448796307181397
23.537707260668753
23.56541540713897
23.56932021511807
23.55835080714678
23.57711787002677
23.604148094469565
23.601289534475995
23.61188335518932
23.59392851852465
23.549712172672344
23.531534662628246
23.540173257222705
23.354472280388222
23.38122630867872
23.41286256930141
23.429025276358516
23.450565834691133
23.4667115437328
23.457406381196733
23.416431673221155
23.386151752711385
23.34784454355122
23.315232278632152
23.297947538649055
23.30910830105404
23.362432750720927
23.45840670782286
23.569722584127135
23.628165553940676
23.66972915027202
23.71339515649879
23.75772726266939
23.761777877616737
23.771090715081414
23.782458212059737
23.776751576938636
23.725570269660807
23.684545313094418
23.670159846933984
23.37069228816597
23.400978127701137
23.417076622173
23.43059114589812
23.43873494007039
23.447636781229676
23.456900481701155
23.421613317237416
23.39427160206253
23.3671386888833
23.325859590953655
23.310756002130802
23.327127230896735
23.40276226681692
23.488509647290243
23.579340484187355
23.663590844421265
23.750094523891903
23.844593700888936
23.933991268534783
23.962039801017568
23.966910326833045
23.96368245010956
23.9379867900783
23.886231550432285
23.826463005088613
23.816301591293268
23.397170608110514
23.417945045453735
23.433092633595948
23.42932691082399
23.426393197755715
23.439274703234673
23.44538582967914
23.43213601283321
23.40861542638413
23.363123079519823
23.35455165571682
23.359107669863192
23.37545624988661
23.44196817009879
23.51400722478911
23.591696401157492
23.669969532567848
23.784897732144714
23.95647029762108
24.100739788838155
24.110746241918832
24.076744545070824
24.06849019879087
24.05045317688132
24.02889772227445
24.002021167504154
24.002349267508635
23.40164055872583
23.43186258241326
23.448597986633445
23.435495287505546
23.43892297055038
23.427767662476754
23.44754240050031
23.451411796095158
23.41128756840817
23.37504807672201
23.369953425879316
23.387730745881527
23.418281506847393
23.485698079826648
23.562301032256983
23.633316502768366
23.709021723757246
23.865787374445404
24.047475377311457
24.18147273881459
24.178273026172974
24.11840210356013
24.090704682969772
24.099320126132397
24.097604869781435
24.10956724459993
24.101200141298023
23.418735013623746
23.433733166766388
23.44674619385023
23.431282144082616
23.419520782747327
23.41160101862465
23.443755957980898
23.427376666685404
23.398469416189982
23.380509899533536
23.39787573204103
23.42418500976362
23.472305310102
23.55486486109305
23.64131083912673
23.724878080938424
23.808637641069367
23.97232350377317
24.177492390542284
24.280645837156726
24.222379786300962
24.181612596801187
24.168700536766664
24.169008646291786
24.170817134621075
24.170497803751232
24.139395128589967
23.430079234051504
23.431040141178528
23.44602797397806
23.415583140887748
23.40581510675554
23.40674424656322
23.41708041309971
23.410994320483496
23.402459851395975
23.40522314821783
23.444812790760807
23.497302898632142
23.54589510210735
23.63453200064373
23.744918562097155
23.862885646170525
23.987846180314136
24.120662788368236
24.257767873608373
24.34143922250314
24.30527752956391
24.299079748531312
24.283591427368265
24.240093061147945
24.180277326716578
24.123227759414704
24.091155345983452
23.460712427372187
23.44398121511597
23.450834399564087
23.40896597009828
23.41329242098982
23.425383785676672
23.41809866884148
23.42536889753444
23.44289245594007
23.45526759887855
23.50582740678726
23.540497823698388
23.612227911743275
23.6886941997451
23.82822257955297
23.963519682310448
24.095037695630253
24.221756938059343
24.331284268684158
24.39252045844023
24.374902417095427
24.360965689969134
24.352987088163218
24.255980383513588
24.15813721346808
24.08195174441653
24.064506325266166
23.44050745902757
23.42662241971948
23.42967240976202
23.43177488720255
23.4399205291719
23.436310502926403
23.454419853258173
23.44884720812763
23.47399381580226
23.480915567585953
23.520791945696374
23.578178288022855
23.648492452781625
23.72857431703619
23.866328404820365
23.989754805378084
24.098322866696208
24.20031126185745
24.30613263386317
24.400857786085908
24.42616392284208
24.411745749917145
24.36537167610163
24.288947854683556
24.143806649930184
24.072781972902476
24.05196976499724
23.420143798056074
23.431321041935348
23.433245167391647
23.43874895614158
23.445185330857953
23.45835625733605
23.456747462217322
23.46553627500475
23.489333583045436
23.512657004316452
23.544477902675908
23.601557116735876
23.66710373115984
23.73148086115657
23.860116669726494
23.97230797376892
24.04597903078843
24.098643436380144
24.187637005731858
24.323577159101433
24.414134646229968
24.418481869680363
24.356777247895934
24.308992555642362
24.19231917718571
24.116204534837152
24.098509259046068
23.417183569534018
23.44300107680681
23.44917679729008
23.426682607950056
23.435225414655747
23.434093352812624
23.453752754069
23.470276591812308
23.489069982834053
23.519512480473054
23.540980390364666
23.608138053655125
23.679941564588717
23.722138785978927
23.778414929591804
23.897512108570254
23.953163659929942
24.0090321047785
24.088250858562787
24.23889577503246
24.361560015441455
24.410984654662798
24.380996271752565
24.318665093733216
24.24581024336635
24.21364576417818
24.196722100143006
23.409257882716247
23.421623580276332
23.422375620452954
23.40531848109333
23.41384348749682
23.429543311225984
23.464863189264975
23.485719776411884
23.497325007196196
23.499521592087603
23.542556721125834
23.59581249319899
23.65994973376985
23.700994298861133
23.739067278111747
23.78666143727537
23.84046883849544
23.93033811382452
24.009890994268517
24.144100863748008
24.290823517646686
24.36992141481437
24.393328073181692
24.379558948636713
24.361023399971373
24.34164893511752
24.304112271066515
23.391197383504505
23.382931161195756
23.379925051994974
23.368976923213836
23.394453614361396
23.406903820590856
23.43213997451437
23.4635289594936
23.479406271198286
23.47449325235152
23.501978242785867
23.572798375132265
23.6224394683195
23.647719915796642
23.68806880045372
23.738054958548105
23.776171305504135
23.826163691426473
23.922754599198356
24.03550614011192
24.168497343471245
24.250894738028137
24.333042285756846
24.39974136642195
24.45199571356966
24.444829650158454
24.41404658699048
23.334645910866925
23.348084896375553
23.338536550305548
23.330080298666417
23.36895540678961
23.40582435852366
23.411004162787663
23.403810337326377
23.428035174322417
23.440911563053987
23.496455073110496
23.548707249452832
23.58566451169986
23.61034698810988
23.644383223472914
23.696943417513467
23.735525759885718
23.780459881938896
23.823621769479928
23.933811166723444
24.01473884830216
24.100829359209456
24.193956615686375
24.329647089524997
24.449317762058627
24.49072347653737
24.50373641560236
23.337402117612555
23.322838406038272
23.31304398040936
23.3164675771269
23.33554751122074
23.369562793361297
23.36822737918976
23.366433749795988
23.384622636081872
23.427796198626766
23.468219593532922
23.513240498493246
23.540374084206064
23.573378462531764
23.618979469419173
23.655084407281265
23.687840328683365
23.71446265389261
23.774695174727867
23.82073676584332
23.892654841317608
23.936526617879053
24.021158692210292
24.187457860670065
24.33714151262643
24.470065683865187
24.554182482276246
23.3246137588294
23.312164261747967
23.307236375559
23.324188379371776
23.336642500985022
23.36630879232041
23.36747809904432
23.347241364641377
23.37204476598515
23.42010482900207
23.465346824147105
23.505518051388208
23.519365114726043
23.558328246424026
23.591743154316987
23.63630728079454
23.65308877415157
23.662450932493243
23.720564308260805
23.745138688517386
23.783538690837645
23.830954186727467
23.901441570260886
24.054024876954145
24.23081660870116
24.416551051071565
24.522923418008304
23.33645842966314
23.32528277333472
23.314430000044126
23.30131125789387
23.313419693071523
23.322446966490475
23.327958539428323
23.360961420998592
23.364133791535437
23.391780798578907
23.446949753215563
23.49598151621467
23.499107112932734
23.54116726943039
23.581299323688654
23.602928385403402
23.622738679096642
23.6287603786883
23.655741787668262
23.696738122001307
23.718823487132
23.76968800453244
23.847635507537575
24.015811500809832
24.182618612351916
24.37286993366115
24.47677908278797
23.345938976103866
23.33404859348684
23.333642445158148
23.308416088472995
23.29429774003711
23.295885716415114
23.30206677584954
23.328542796762463
23.340493172992183
23.37130099383853
23.436200471583902
23.4855289949503
23.50230251280402
23.521227543165196
23.557810530977576
23.58915506310109
23.587312093494347
23.594135186008998
23.6135664341723
23.655305941750044
23.700471910591432
23.762772056761605
23.83515500238093
23.978636190070574
24.159269809099897
24.324283237540385
24.414789235201624
23.349224750569306
23.33603521546422
23.334888474275658
23.322412953639628
23.306870733032724
23.30293241988727
23.303256729784607
23.31819024683648
23.33713981997778
23.371044856051412
23.433584165897855
23.48790545177144
23.506188141315306
23.502987628166466
23.515379911411856
23.525054813391648
23.548986803047683
23.557483713827764
23.58134496161597
23.629723402668674
23.685439927055427
23.735976489625273
23.812315998729446
23.96386442351354
24.13327084569005
24.27145684377888
24.35824143182822
23.397709143660222
23.380589165302467
23.36481326298008
23.350302466853122
23.342047990190963
23.324371043709107
23.322829335177744
23.33947614046781
23.372052981307434
23.41463120058279
23.451252598987935
23.521689598617513
23.543413710749405
23.526027190185005
23.525456475284386
23.51552774140407
23.506035547353463
23.53712396815422
23.544452974582327
23.59828185621302
23.628367070236322
23.690191510554996
23.77135109277208
23.9459167138848
24.064460612574067
